1	-0.0889536	-0.424234	-0.0889536	-0.353682	-0.452659	0.404039	-0.117085	0.313678	-0.0889536	0.310285	0.313678	0.310285	0.313678	-0.0889536	0.640299	-0.255261	0.640299	-0.278789	-0.0770712	-0.197681	-0.105347	-0.0982463	-0.212151	-0.108109	-0.105347	-0.105347	-0.105347	0.0960525	-0.0554962	-0.0447815	0.0557137	-0.0688717	0.256611	0.316176	-0.122531	0.294071	0.349645	0.351964	0.387976	0.387976	0.347492	0.343658	0.346417	0.346417	-0.0880019	0.338159	0.338159	0.338159	-0.0973357	0.338159	-0.0880019	-0.0761001	-0.0761001	-0.0951676	0.30483	-0.0954598	0.0155003	0.0027507	0.184319	0.194756	0.192841	0.193608	0.283711	0.173781	0.173781	0.267	0.267	0.271322	0.183097	0.185808	0.231634	0.0128534	-0.0646575	-0.0344471	-0.0928429	-0.0741306	-0.0340297	-0.0741306	0.0209197	-0.0928429	0.052701	-0.00925008	-0.0928429	-0.0301298	-0.0344471	-0.0928429	-0.0928429	-0.0815718
-0.0889536	1	-0.163116	1	0.264417	0.278655	-0.0578623	0.234957	-0.134289	1	-0.0420839	-0.134289	-0.0420839	-0.134289	1	-0.0581117	-0.200779	-0.0581117	-0.110024	-0.0555878	-0.0710785	-0.200845	-0.209604	-0.11637	-0.0303578	-0.200845	-0.200845	-0.200845	0.701414	-0.190799	-0.0467893	-0.0258109	0.344996	0.197937	0.211266	-0.103606	0.235977	0.234825	0.235725	0.0877409	0.0877409	0.238899	0.241887	0.240973	0.240973	-0.115932	0.24372	0.24372	0.24372	-0.146042	0.24372	-0.115932	-0.118798	-0.118798	-0.137759	0.210125	-0.130629	-0.0908052	-0.084122	0.138028	0.134373	0.133694	0.143716	0.0519079	0.147456	0.147456	0.0559222	0.0559222	0.0128108	0.15131	0.152586	0.00642563	0.0693902	0.0717972	0.0513363	-0.0702601	0.0106707	0.0476659	0.0106707	-0.104792	-0.0702601	-0.0470004	0.0167136	-0.0702601	0.0494929	0.0513363	-0.0702601	-0.0702601	0.0106707
-0.424234	-0.163116	1	-0.163116	0.855643	0.899854	-0.283824	0.728023	-0.432833	-0.163116	-0.130266	-0.432833	-0.130266	-0.432833	-0.163116	-0.304809	0.774393	-0.304809	-0.293553	0.168367	0.465367	0.695186	0.725928	-0.243979	-0.113413	0.695186	0.695186	0.695186	-0.210422	0.756312	0.12313	0.308613	-0.204486	-0.400197	-0.383668	0.666799	-0.354073	-0.370712	-0.37226	-0.182477	-0.182477	-0.367968	-0.363438	-0.366594	-0.366594	0.652943	-0.366605	-0.366605	-0.366605	0.572279	-0.366605	0.652943	0.644873	0.644873	0.570683	-0.419699	0.567494	0.442161	0.450192	-0.238262	-0.244793	-0.243663	-0.248917	-0.213901	-0.233753	-0.233753	-0.208775	-0.208775	-0.198387	-0.244623	-0.246769	-0.204531	0.00500795	-0.0530137	-0.0317638	0.0901639	0.0183403	-0.0259456	0.0183403	0.0195997	0.0901639	0.041529	0.00608604	0.0901639	-0.0288426	-0.0317638	0.0901639	0.0901639	0.0114559
-0.0889536	1	-0.163116	1	0.264417	0.278655	-0.0578623	0.234957	-0.134289	1	-0.0420839	-0.134289	-0.0420839	-0.134289	1	-0.0581117	-0.200779	-0.0581117	-0.110024	-0.0555878	-0.0710785	-0.200845	-0.209604	-0.11637	-0.0303578	-0.200845	-0.200845	-0.200845	0.701414	-0.190799	-0.0467893	-0.0258109	0.344996	0.197937	0.211266	-0.103606	0.235977	0.234825	0.235725	0.0877409	0.0877409	0.238899	0.241887	0.240973	0.240973	-0.115932	0.24372	0.24372	0.24372	-0.146042	0.24372	-0.115932	-0.118798	-0.118798	-0.137759	0.210125	-0.130629	-0.0908052	-0.084122	0.138028	0.134373	0.133694	0.143716	0.0519079	0.147456	0.147456	0.0559222	0.0559222	0.0128108	0.15131	0.152586	0.00642563	0.0693902	0.0717972	0.0513363	-0.0702601	0.0106707	0.0476659	0.0106707	-0.104792	-0.0702601	-0.0470004	0.0167136	-0.0702601	0.0494929	0.0513363	-0.0702601	-0.0702601	0.0106707
-0.353682	0.264417	0.855643	0.264417	1	0.950673	-0.301195	0.765918	-0.509536	0.264417	0.168681	-0.509536	0.168681	-0.509536	0.264417	-0.339438	0.623368	-0.339438	-0.361965	0.126027	0.402222	0.540266	0.566427	-0.309905	-0.134628	0.540266	0.540266	0.540266	0.0844704	0.608211	0.0881236	0.258897	-0.0739027	-0.23457	-0.217824	0.559605	-0.177293	-0.201314	-0.202217	-0.149329	-0.149329	-0.195961	-0.189608	-0.193259	-0.193259	0.557303	-0.205171	-0.205171	-0.205171	0.465561	-0.205171	0.557303	0.54762	0.54762	0.467381	-0.269525	0.471059	0.377302	0.393958	-0.143895	-0.15258	-0.151945	-0.152549	-0.176246	-0.135481	-0.135481	-0.17125	-0.17125	-0.178857	-0.14345	-0.144697	-0.197115	0.0400211	-0.0322975	-0.0198842	0.0408198	0.00397961	-0.0165004	0.00397961	-0.0247787	0.0408198	0.0521709	0.0442674	0.0408198	-0.0181852	-0.0198842	0.0408198	0.0408198	-0.0026707
-0.452659	0.278655	0.899854	0.278655	0.950673	1	-0.302246	0.813155	-0.48107	0.278655	-0.145389	-0.48107	-0.145389	-0.48107	0.278655	-0.322526	0.66353	-0.322526	-0.334682	0.13842	0.418471	0.586379	0.612556	-0.289361	-0.124116	0.586379	0.586379	0.586379	0.101963	0.650451	0.0984874	0.289803	-0.0485903	-0.299975	-0.282201	0.601831	-0.242573	-0.259361	-0.260457	-0.140037	-0.140037	-0.254922	-0.249213	-0.252684	-0.252684	0.582959	-0.251461	-0.251461	-0.251461	0.495155	-0.251461	0.582959	0.573854	0.573854	0.497234	-0.31371	0.497263	0.390351	0.401131	-0.170383	-0.178341	-0.177551	-0.178257	-0.181155	-0.16189	-0.16189	-0.174556	-0.174556	-0.183257	-0.17071	-0.172223	-0.191423	0.0354309	-0.0211005	-0.00227975	0.0560385	0.0275904	0.00167813	0.0275904	-0.0264617	0.0560385	0.0188288	0.0119284	0.0560385	-0.000292994	-0.00227975	0.0560385	0.0560385	0.0209151
0.404039	-0.0578623	-0.283824	-0.0578623	-0.301195	-0.302246	1	0.152999	-0.263384	-0.0578623	-0.000259291	-0.263384	-0.000259291	-0.263384	-0.0578623	-0.170774	0.244501	-0.170774	-0.217855	-0.0746404	-0.0929872	0.412825	0.16767	-0.183761	0.530881	0.412825	0.412825	0.412825	-0.0511102	0.185775	-0.0546972	-0.21649	-0.12142	0.00796597	-0.168073	-0.0219467	-0.200131	-0.0733983	-0.0715727	-0.122005	-0.122005	-0.0642322	-0.0608557	-0.0626989	-0.0626989	-0.0226786	-0.0633821	-0.0633821	-0.0633821	0.172585	-0.0633821	-0.0226786	-0.010517	-0.010517	0.171277	0.129589	0.168653	0.0441058	0.038464	0.0427494	0.0543393	0.0528006	0.0530105	0.0632682	0.0300271	0.0300271	0.0638359	0.0638359	0.0516831	0.0310103	0.0327395	0.0663452	0.0672969	0.0208938	0.0211555	-0.0471791	-0.00813458	0.015184	-0.00813458	-0.0802493	-0.0471791	-0.0394857	-0.00845906	-0.0471791	0.0181576	0.0211555	-0.0471791	-0.0471791	-0.00813458
-0.117085	0.234957	0.728023	0.234957	0.765918	0.813155	0.152999	1	-0.583944	0.234957	-0.140954	-0.583944	-0.140954	-0.583944	0.234957	-0.395665	0.719131	-0.395665	-0.440552	0.0989896	0.35143	0.770816	0.798859	-0.358866	-0.152079	0.770816	0.770816	0.770816	0.0699187	0.854189	0.0717877	0.182957	-0.113551	-0.344881	-0.313625	0.623591	-0.294339	-0.218635	-0.218776	-0.13101	-0.13101	-0.212243	-0.20476	-0.209015	-0.209015	0.605588	-0.205075	-0.205075	-0.205075	0.524182	-0.205075	0.605588	0.6024	0.6024	0.525425	-0.269835	0.523938	0.464619	0.473062	-0.181391	-0.183515	-0.183623	-0.184353	-0.182057	-0.182226	-0.182226	-0.182007	-0.182007	-0.196497	-0.187296	-0.187945	-0.187624	0.0860895	-0.0302166	0.0292678	0.00309498	0.028561	0.029822	0.028561	-0.074323	0.00309498	0.012774	-0.00594717	0.00309498	0.0295454	0.0292678	0.00309498	0.00309498	0.0221532
0.313678	-0.134289	-0.432833	-0.134289	-0.509536	-0.48107	-0.263384	-0.583944	1	-0.134289	-0.0965365	1	-0.0965365	1	-0.134289	0.608453	-0.556544	0.608453	-0.277375	-0.0368967	-0.228568	-0.562901	-0.411636	0.657076	-0.198445	-0.562901	-0.562901	-0.562901	0.0377441	-0.484642	0.00696726	0.129499	0.215741	0.416396	0.511669	-0.269954	0.473431	0.415327	0.413074	0.297833	0.297833	0.400301	0.392864	0.395129	0.395129	-0.263806	0.402867	0.402867	0.402867	-0.269447	0.402867	-0.263806	-0.262579	-0.262579	-0.268081	0.376953	-0.269742	-0.164279	-0.183817	0.402566	0.40123	0.399469	0.401058	0.227046	0.397994	0.397994	0.231598	0.231598	0.253986	0.408382	0.407398	0.215815	-0.0452147	-0.0993026	-0.142895	0.00743433	-0.119399	-0.13509	-0.119399	0.0975293	0.00743433	0.0830426	-0.0171815	0.00743433	-0.138974	-0.142895	0.00743433	0.00743433	-0.119399
-0.0889536	1	-0.163116	1	0.264417	0.278655	-0.0578623	0.234957	-0.134289	1	-0.0420839	-0.134289	-0.0420839	-0.134289	1	-0.0581117	-0.200779	-0.0581117	-0.110024	-0.0555878	-0.0710785	-0.200845	-0.209604	-0.11637	-0.0303578	-0.200845	-0.200845	-0.200845	0.701414	-0.190799	-0.0467893	-0.0258109	0.344996	0.197937	0.211266	-0.103606	0.235977	0.234825	0.235725	0.0877409	0.0877409	0.238899	0.241887	0.240973	0.240973	-0.115932	0.24372	0.24372	0.24372	-0.146042	0.24372	-0.115932	-0.118798	-0.118798	-0.137759	0.210125	-0.130629	-0.0908052	-0.084122	0.138028	0.134373	0.133694	0.143716	0.0519079	0.147456	0.147456	0.0559222	0.0559222	0.0128108	0.15131	0.152586	0.00642563	0.0693902	0.0717972	0.0513363	-0.0702601	0.0106707	0.0476659	0.0106707	-0.104792	-0.0702601	-0.0470004	0.0167136	-0.0702601	0.0494929	0.0513363	-0.0702601	-0.0702601	0.0106707
0.310285	-0.0420839	-0.130266	-0.0420839	0.168681	-0.145389	-0.000259291	-0.140954	-0.0965365	-0.0420839	1	-0.0965365	1	-0.0965365	-0.0420839	-0.0577922	-0.120175	-0.0577922	-0.0910185	-0.0378745	-0.0468319	-0.140076	-0.139815	-0.0689827	-0.0350097	-0.140076	-0.140076	-0.140076	-0.0545765	-0.126959	-0.0318797	-0.0951176	-0.081315	0.205029	0.201962	-0.127495	0.205316	0.182045	0.182648	-0.031309	-0.031309	0.185012	0.187136	0.186523	0.186523	-0.0748708	0.144643	0.144643	0.144643	-0.088478	0.144643	-0.0748708	-0.0768221	-0.0768221	-0.0892803	0.137182	-0.077641	-0.0369613	-0.0180881	0.0824508	0.0800357	0.0795521	0.0798684	0.0134946	0.0822976	0.0822976	0.0084629	0.0084629	0.0118468	0.0849075	0.085736	-0.0204415	0.0150636	-0.0359652	-0.056177	-0.0478715	-0.0749778	-0.0579608	-0.0749778	0.00505183	-0.0478715	0.10657	0.103289	-0.0478715	-0.0570713	-0.056177	-0.0478715	-0.0478715	-0.0749778
0.313678	-0.134289	-0.432833	-0.134289	-0.509536	-0.48107	-0.263384	-0.583944	1	-0.134289	-0.0965365	1	-0.0965365	1	-0.134289	0.608453	-0.556544	0.608453	-0.277375	-0.0368967	-0.228568	-0.562901	-0.411636	0.657076	-0.198445	-0.562901	-0.562901	-0.562901	0.0377441	-0.484642	0.00696726	0.129499	0.215741	0.416396	0.511669	-0.269954	0.473431	0.415327	0.413074	0.297833	0.297833	0.400301	0.392864	0.395129	0.395129	-0.263806	0.402867	0.402867	0.402867	-0.269447	0.402867	-0.263806	-0.262579	-0.262579	-0.268081	0.376953	-0.269742	-0.164279	-0.183817	0.402566	0.40123	0.399469	0.401058	0.227046	0.397994	0.397994	0.231598	0.231598	0.253986	0.408382	0.407398	0.215815	-0.0452147	-0.0993026	-0.142895	0.00743433	-0.119399	-0.13509	-0.119399	0.0975293	0.00743433	0.0830426	-0.0171815	0.00743433	-0.138974	-0.142895	0.00743433	0.00743433	-0.119399
0.310285	-0.0420839	-0.130266	-0.0420839	0.168681	-0.145389	-0.000259291	-0.140954	-0.0965365	-0.0420839	1	-0.0965365	1	-0.0965365	-0.0420839	-0.0577922	-0.120175	-0.0577922	-0.0910185	-0.0378745	-0.0468319	-0.140076	-0.139815	-0.0689827	-0.0350097	-0.140076	-0.140076	-0.140076	-0.0545765	-0.126959	-0.0318797	-0.0951176	-0.081315	0.205029	0.201962	-0.127495	0.205316	0.182045	0.182648	-0.031309	-0.031309	0.185012	0.187136	0.186523	0.186523	-0.0748708	0.144643	0.144643	0.144643	-0.088478	0.144643	-0.0748708	-0.0768221	-0.0768221	-0.0892803	0.137182	-0.077641	-0.0369613	-0.0180881	0.0824508	0.0800357	0.0795521	0.0798684	0.0134946	0.0822976	0.0822976	0.0084629	0.0084629	0.0118468	0.0849075	0.085736	-0.0204415	0.0150636	-0.0359652	-0.056177	-0.0478715	-0.0749778	-0.0579608	-0.0749778	0.00505183	-0.0478715	0.10657	0.103289	-0.0478715	-0.0570713	-0.056177	-0.0478715	-0.0478715	-0.0749778
0.313678	-0.134289	-0.432833	-0.134289	-0.509536	-0.48107	-0.263384	-0.583944	1	-0.134289	-0.0965365	1	-0.0965365	1	-0.134289	0.608453	-0.556544	0.608453	-0.277375	-0.0368967	-0.228568	-0.562901	-0.411636	0.657076	-0.198445	-0.562901	-0.562901	-0.562901	0.0377441	-0.484642	0.00696726	0.129499	0.215741	0.416396	0.511669	-0.269954	0.473431	0.415327	0.413074	0.297833	0.297833	0.400301	0.392864	0.395129	0.395129	-0.263806	0.402867	0.402867	0.402867	-0.269447	0.402867	-0.263806	-0.262579	-0.262579	-0.268081	0.376953	-0.269742	-0.164279	-0.183817	0.402566	0.40123	0.399469	0.401058	0.227046	0.397994	0.397994	0.231598	0.231598	0.253986	0.408382	0.407398	0.215815	-0.0452147	-0.0993026	-0.142895	0.00743433	-0.119399	-0.13509	-0.119399	0.0975293	0.00743433	0.0830426	-0.0171815	0.00743433	-0.138974	-0.142895	0.00743433	0.00743433	-0.119399
-0.0889536	1	-0.163116	1	0.264417	0.278655	-0.0578623	0.234957	-0.134289	1	-0.0420839	-0.134289	-0.0420839	-0.134289	1	-0.0581117	-0.200779	-0.0581117	-0.110024	-0.0555878	-0.0710785	-0.200845	-0.209604	-0.11637	-0.0303578	-0.200845	-0.200845	-0.200845	0.701414	-0.190799	-0.0467893	-0.0258109	0.344996	0.197937	0.211266	-0.103606	0.235977	0.234825	0.235725	0.0877409	0.0877409	0.238899	0.241887	0.240973	0.240973	-0.115932	0.24372	0.24372	0.24372	-0.146042	0.24372	-0.115932	-0.118798	-0.118798	-0.137759	0.210125	-0.130629	-0.0908052	-0.084122	0.138028	0.134373	0.133694	0.143716	0.0519079	0.147456	0.147456	0.0559222	0.0559222	0.0128108	0.15131	0.152586	0.00642563	0.0693902	0.0717972	0.0513363	-0.0702601	0.0106707	0.0476659	0.0106707	-0.104792	-0.0702601	-0.0470004	0.0167136	-0.0702601	0.0494929	0.0513363	-0.0702601	-0.0702601	0.0106707
0.640299	-0.0581117	-0.304809	-0.0581117	-0.339438	-0.322526	-0.170774	-0.395665	0.608453	-0.0581117	-0.0577922	0.608453	-0.0577922	0.608453	-0.0581117	1	-0.391879	1	-0.121931	-0.0629444	-0.142071	-0.381542	-0.368475	-0.150522	-0.0980446	-0.381542	-0.381542	-0.381542	0.178284	-0.34512	-0.044336	0.238928	0.0326912	0.358922	0.409072	-0.192582	0.409827	0.357469	0.358911	0.587833	0.587833	0.350656	0.342088	0.340611	0.340611	-0.178237	0.345049	0.345049	0.345049	-0.200066	0.345049	-0.178237	-0.170612	-0.170612	-0.18997	0.30518	-0.193679	-0.120765	-0.142273	0.235808	0.241767	0.240734	0.241691	0.420651	0.2357	0.2357	0.409152	0.409152	0.423683	0.241844	0.24388	0.369425	-0.0660294	-0.0425474	-0.0498249	-0.0293996	-0.0537607	-0.0440781	-0.0537607	0.090914	-0.0293996	0.0177847	-0.0474836	-0.0293996	-0.041637	-0.0498249	-0.0293996	-0.0293996	-0.063367
-0.255261	-0.200779	0.774393	-0.200779	0.623368	0.66353	0.244501	0.719131	-0.556544	-0.200779	-0.120175	-0.556544	-0.120175	-0.556544	-0.200779	-0.391879	1	-0.391879	-0.387485	0.120294	0.41639	0.893385	0.750156	-0.338475	0.273748	0.893385	0.893385	0.893385	-0.242592	0.78607	0.089406	0.150247	-0.260128	-0.320747	-0.437899	0.641662	-0.427417	-0.453717	-0.454094	-0.221551	-0.221551	-0.445313	-0.43921	-0.44334	-0.44334	0.624419	-0.444542	-0.444542	-0.444542	0.675646	-0.444542	0.624419	0.617915	0.617915	0.673402	-0.358669	0.668911	0.465336	0.476053	-0.235383	-0.240395	-0.240292	-0.245344	-0.128976	-0.236215	-0.236215	-0.122483	-0.122483	-0.116792	-0.246841	-0.247943	-0.105495	0.0402119	-0.0509491	-0.0213629	0.0833077	0.0211992	-0.0192955	0.0211992	-0.0185372	0.0833077	0.0026584	-0.00645465	0.0833077	-0.0203247	-0.0213629	0.0833077	0.0833077	0.014617
0.640299	-0.0581117	-0.304809	-0.0581117	-0.339438	-0.322526	-0.170774	-0.395665	0.608453	-0.0581117	-0.0577922	0.608453	-0.0577922	0.608453	-0.0581117	1	-0.391879	1	-0.121931	-0.0629444	-0.142071	-0.381542	-0.368475	-0.150522	-0.0980446	-0.381542	-0.381542	-0.381542	0.178284	-0.34512	-0.044336	0.238928	0.0326912	0.358922	0.409072	-0.192582	0.409827	0.357469	0.358911	0.587833	0.587833	0.350656	0.342088	0.340611	0.340611	-0.178237	0.345049	0.345049	0.345049	-0.200066	0.345049	-0.178237	-0.170612	-0.170612	-0.18997	0.30518	-0.193679	-0.120765	-0.142273	0.235808	0.241767	0.240734	0.241691	0.420651	0.2357	0.2357	0.409152	0.409152	0.423683	0.241844	0.24388	0.369425	-0.0660294	-0.0425474	-0.0498249	-0.0293996	-0.0537607	-0.0440781	-0.0537607	0.090914	-0.0293996	0.0177847	-0.0474836	-0.0293996	-0.041637	-0.0498249	-0.0293996	-0.0293996	-0.063367
-0.278789	-0.110024	-0.293553	-0.110024	-0.361965	-0.334682	-0.217855	-0.440552	-0.277375	-0.110024	-0.0910185	-0.277375	-0.0910185	-0.277375	-0.110024	-0.121931	-0.387485	-0.121931	1	-0.0404864	-0.154936	-0.427428	-0.410105	-0.202318	-0.0900803	-0.427428	-0.427428	-0.427428	-0.0928583	-0.395081	-0.0645854	-0.274321	-0.0361349	-0.231369	-0.202089	-0.347841	-0.180163	-0.195242	-0.193185	-0.112076	-0.112076	-0.192967	-0.195573	-0.191823	-0.191823	-0.351448	-0.1856	-0.1856	-0.1856	-0.410411	-0.1856	-0.351448	-0.351703	-0.351703	-0.413014	-0.251641	-0.41297	-0.31184	-0.30493	-0.34896	-0.346826	-0.343992	-0.34536	-0.141474	-0.342192	-0.342192	-0.152508	-0.152508	-0.159387	-0.345848	-0.344811	-0.117424	-0.0567241	0.143948	0.155353	-0.0277468	0.121472	0.147758	0.121472	-0.0151894	-0.0277468	-0.105745	-0.0130614	-0.0277468	0.151537	0.155353	-0.0277468	-0.0277468	0.129947
-0.0770712	-0.0555878	0.168367	-0.0555878	0.126027	0.13842	-0.0746404	0.0989896	-0.0368967	-0.0555878	-0.0378745	-0.0368967	-0.0378745	-0.0368967	-0.0555878	-0.0629444	0.120294	-0.0629444	-0.0404864	1	-0.0692055	0.116389	0.146643	-0.013195	-0.0495346	0.116389	0.116389	0.116389	-0.0265649	0.142433	0.841719	-0.04626	0.00605459	-0.081008	-0.0603463	0.143034	-0.0515902	-0.0630485	-0.0625001	-0.0327611	-0.0327611	-0.0625477	-0.061743	-0.0622968	-0.0622968	0.139553	-0.0606386	-0.0606386	-0.0606386	0.105318	-0.0606386	0.139553	0.138142	0.138142	0.105046	-0.0908448	0.104504	0.134512	0.138546	-0.0903357	-0.0911685	-0.0918067	-0.0921716	-0.0614457	-0.0913419	-0.0913419	-0.0639076	-0.0639076	-0.0625439	-0.0895023	-0.0892243	-0.0751475	-0.0056595	0.0648088	-0.0170788	-0.0361867	-0.00628426	0.0115968	-0.00628426	-0.0272992	-0.0361867	-0.00506216	0.0417874	-0.0361867	-0.0178556	-0.0170788	-0.0361867	-0.0361867	-0.00628426
-0.197681	-0.0710785	0.465367	-0.0710785	0.402222	0.418471	-0.0929872	0.35143	-0.228568	-0.0710785	-0.0468319	-0.228568	-0.0468319	-0.228568	-0.0710785	-0.142071	0.41639	-0.142071	-0.154936	-0.0692055	1	0.387782	0.382834	-0.15072	-0.0271316	0.387782	0.387782	0.387782	-0.106857	0.407271	-0.0497154	0.169524	-0.121867	-0.198198	-0.185415	0.354251	-0.162807	-0.168671	-0.166878	-0.0436473	-0.0436473	-0.160177	-0.157335	-0.159143	-0.159143	0.338009	-0.153727	-0.153727	-0.153727	0.292282	-0.153727	0.338009	0.333311	0.333311	0.291278	-0.186746	0.289269	0.357236	0.357541	-0.219027	-0.222294	-0.22426	-0.219248	-0.0442814	-0.192176	-0.192176	-0.0329899	-0.0329899	-0.0254607	-0.191952	-0.190799	-0.0551549	-0.0447419	0.0203811	0.00516194	0.0436232	0.0198937	-0.000435417	0.0198937	0.0253028	0.0436232	-0.0255278	-0.0551887	0.0436232	0.00235216	0.00516194	0.0436232	0.0436232	0.0198937
-0.105347	-0.200845	0.695186	-0.200845	0.540266	0.586379	0.412825	0.770816	-0.562901	-0.200845	-0.140076	-0.562901	-0.140076	-0.562901	-0.200845	-0.381542	0.893385	-0.381542	-0.427428	0.116389	0.387782	1	0.849369	-0.378213	0.272371	1	1	1	-0.257357	0.896992	0.0922099	0.153995	-0.300613	-0.354019	-0.467963	0.613668	-0.46147	-0.385055	-0.385128	-0.199166	-0.199166	-0.375759	-0.368955	-0.373266	-0.373266	0.603938	-0.37354	-0.37354	-0.37354	0.666277	-0.37354	0.603938	0.604839	0.604839	0.65984	-0.291612	0.654909	0.4582	0.462257	-0.193229	-0.191288	-0.191403	-0.196146	-0.123551	-0.198133	-0.198133	-0.119496	-0.119496	-0.112467	-0.207252	-0.207953	-0.0967393	0.0222789	-0.01397	-0.0120219	0.0449483	0.0107964	-0.0111163	0.0107964	-0.0192861	0.0449483	0.0031827	-0.0249689	0.0449483	-0.0115671	-0.0120219	0.0449483	0.0449483	0.00439993
-0.0982463	-0.209604	0.725928	-0.209604	0.566427	0.612556	0.16767	0.798859	-0.411636	-0.209604	-0.139815	-0.411636	-0.139815	-0.411636	-0.209604	-0.368475	0.750156	-0.368475	-0.410105	0.146643	0.382834	0.849369	1	-0.196584	-0.179366	0.849369	0.849369	0.849369	-0.268692	0.946476	0.123432	0.279968	-0.141223	-0.39534	-0.344873	0.672375	-0.339387	-0.264994	-0.265335	-0.185571	-0.185571	-0.259362	-0.252423	-0.256519	-0.256519	0.66276	-0.253143	-0.253143	-0.253143	0.56854	-0.253143	0.66276	0.660169	0.660169	0.562012	-0.336968	0.556991	0.505282	0.512417	-0.216673	-0.218003	-0.217972	-0.222867	-0.23817	-0.221565	-0.221565	-0.240678	-0.240678	-0.231407	-0.227526	-0.228471	-0.21537	0.0420348	-0.0566861	-0.0165444	0.0322611	0.00144131	-0.0149143	0.00144131	-0.0170615	0.0322611	0.0443384	0.0115806	0.0322611	-0.0157258	-0.0165444	0.0322611	0.0322611	-0.00503172
-0.212151	-0.11637	-0.243979	-0.11637	-0.309905	-0.289361	-0.183761	-0.358866	0.657076	-0.11637	-0.0689827	0.657076	-0.0689827	0.657076	-0.11637	-0.150522	-0.338475	-0.150522	-0.202318	-0.013195	-0.15072	-0.378213	-0.196584	1	-0.159407	-0.378213	-0.378213	-0.378213	-0.106991	-0.313855	0.020367	-0.0762456	0.252351	0.216979	0.29184	-0.16942	0.244816	0.218847	0.214747	-0.169177	-0.169177	0.206686	0.205412	0.209557	0.209557	-0.180374	0.21516	0.21516	0.21516	-0.163195	0.21516	-0.180374	-0.180312	-0.180312	-0.17073	0.216571	-0.169503	-0.108002	-0.118436	0.313003	0.311086	0.309878	0.31111	-0.105737	0.313043	0.313043	-0.0896945	-0.0896945	-0.0750945	0.314982	0.311993	-0.0727641	0.0153173	-0.0875271	-0.125926	0.0531403	-0.0858637	-0.121591	-0.0858637	0.0286254	0.0531403	0.0846593	0.0462079	0.0531403	-0.128573	-0.125926	0.0531403	0.0531403	-0.0771209
-0.108109	-0.0303578	-0.113413	-0.0303578	-0.134628	-0.124116	0.530881	-0.152079	-0.198445	-0.0303578	-0.0350097	-0.198445	-0.0350097	-0.198445	-0.0303578	-0.0980446	0.273748	-0.0980446	-0.0900803	-0.0495346	-0.0271316	0.272371	-0.179366	-0.159407	1	0.272371	0.272371	0.272371	-0.0310509	-0.17195	-0.0416942	-0.145103	-0.0894293	0.198972	-0.1456	-0.182162	-0.152126	-0.160039	-0.159067	-0.0923477	-0.0923477	-0.149481	-0.148252	-0.149228	-0.149228	-0.183559	-0.156471	-0.156471	-0.156471	0.152014	-0.156471	-0.183559	-0.176751	-0.176751	0.151486	0.192809	0.150429	-0.139909	-0.144077	0.12281	0.12871	0.12812	0.12863	0.197127	0.122697	0.122697	0.210474	0.210474	0.206445	0.116846	0.117942	0.21426	-0.0353525	0.0621954	-0.0201792	0.0328224	-0.00558875	-0.0229314	-0.00558875	0.00432299	0.0328224	-0.0860476	-0.00360387	0.0328224	-0.0215603	-0.0201792	0.0328224	0.0328224	-0.00558875
-0.105347	-0.200845	0.695186	-0.200845	0.540266	0.586379	0.412825	0.770816	-0.562901	-0.200845	-0.140076	-0.562901	-0.140076	-0.562901	-0.200845	-0.381542	0.893385	-0.381542	-0.427428	0.116389	0.387782	1	0.849369	-0.378213	0.272371	1	1	1	-0.257357	0.896992	0.0922099	0.153995	-0.300613	-0.354019	-0.467963	0.613668	-0.46147	-0.385055	-0.385128	-0.199166	-0.199166	-0.375759	-0.368955	-0.373266	-0.373266	0.603938	-0.37354	-0.37354	-0.37354	0.666277	-0.37354	0.603938	0.604839	0.604839	0.65984	-0.291612	0.654909	0.4582	0.462257	-0.193229	-0.191288	-0.191403	-0.196146	-0.123551	-0.198133	-0.198133	-0.119496	-0.119496	-0.112467	-0.207252	-0.207953	-0.0967393	0.0222789	-0.01397	-0.0120219	0.0449483	0.0107964	-0.0111163	0.0107964	-0.0192861	0.0449483	0.0031827	-0.0249689	0.0449483	-0.0115671	-0.0120219	0.0449483	0.0449483	0.00439993
-0.105347	-0.200845	0.695186	-0.200845	0.540266	0.586379	0.412825	0.770816	-0.562901	-0.200845	-0.140076	-0.562901	-0.140076	-0.562901	-0.200845	-0.381542	0.893385	-0.381542	-0.427428	0.116389	0.387782	1	0.849369	-0.378213	0.272371	1	1	1	-0.257357	0.896992	0.0922099	0.153995	-0.300613	-0.354019	-0.467963	0.613668	-0.46147	-0.385055	-0.385128	-0.199166	-0.199166	-0.375759	-0.368955	-0.373266	-0.373266	0.603938	-0.37354	-0.37354	-0.37354	0.666277	-0.37354	0.603938	0.604839	0.604839	0.65984	-0.291612	0.654909	0.4582	0.462257	-0.193229	-0.191288	-0.191403	-0.196146	-0.123551	-0.198133	-0.198133	-0.119496	-0.119496	-0.112467	-0.207252	-0.207953	-0.0967393	0.0222789	-0.01397	-0.0120219	0.0449483	0.0107964	-0.0111163	0.0107964	-0.0192861	0.0449483	0.0031827	-0.0249689	0.0449483	-0.0115671	-0.0120219	0.0449483	0.0449483	0.00439993
-0.105347	-0.200845	0.695186	-0.200845	0.540266	0.586379	0.412825	0.770816	-0.562901	-0.200845	-0.140076	-0.562901	-0.140076	-0.562901	-0.200845	-0.381542	0.893385	-0.381542	-0.427428	0.116389	0.387782	1	0.849369	-0.378213	0.272371	1	1	1	-0.257357	0.896992	0.0922099	0.153995	-0.300613	-0.354019	-0.467963	0.613668	-0.46147	-0.385055	-0.385128	-0.199166	-0.199166	-0.375759	-0.368955	-0.373266	-0.373266	0.603938	-0.37354	-0.37354	-0.37354	0.666277	-0.37354	0.603938	0.604839	0.604839	0.65984	-0.291612	0.654909	0.4582	0.462257	-0.193229	-0.191288	-0.191403	-0.196146	-0.123551	-0.198133	-0.198133	-0.119496	-0.119496	-0.112467	-0.207252	-0.207953	-0.0967393	0.0222789	-0.01397	-0.0120219	0.0449483	0.0107964	-0.0111163	0.0107964	-0.0192861	0.0449483	0.0031827	-0.0249689	0.0449483	-0.0115671	-0.0120219	0.0449483	0.0449483	0.00439993
0.0960525	0.701414	-0.210422	0.701414	0.0844704	0.101963	-0.0511102	0.0699187	0.0377441	0.701414	-0.0545765	0.0377441	-0.0545765	0.0377441	0.701414	0.178284	-0.242592	0.178284	-0.0928583	-0.0265649	-0.106857	-0.257357	-0.268692	-0.106991	-0.0310509	-0.257357	-0.257357	-0.257357	1	-0.248288	-0.0104898	-0.053752	0.50243	0.236207	0.271033	-0.156304	0.290131	0.289308	0.290296	0.0994501	0.0994501	0.294083	0.297518	0.296514	0.296514	-0.167179	0.299533	0.299533	0.299533	-0.190515	0.299533	-0.167179	-0.162009	-0.162009	-0.191914	0.251055	-0.186493	-0.137548	-0.139088	0.182847	0.186754	0.186065	0.195014	0.0365721	0.199406	0.199406	0.0384668	0.0384668	-0.0083739	0.203722	0.205222	-0.0190435	0.0654862	0.0153015	0.0654461	-0.0497811	0.0325937	0.0612984	0.0325937	-0.0711651	-0.0497811	-0.0216487	0.0345089	-0.0497811	0.0633628	0.0654461	-0.0497811	-0.0497811	0.0325937
-0.0554962	-0.190799	0.756312	-0.190799	0.608211	0.650451	0.185775	0.854189	-0.484642	-0.190799	-0.126959	-0.484642	-0.126959	-0.484642	-0.190799	-0.34512	0.78607	-0.34512	-0.395081	0.142433	0.407271	0.896992	0.946476	-0.313855	-0.17195	0.896992	0.896992	0.896992	-0.248288	1	0.113979	0.223393	-0.272914	-0.454478	-0.414975	0.713711	-0.405742	-0.323361	-0.323885	-0.160483	-0.160483	-0.318532	-0.312126	-0.316099	-0.316099	0.704378	-0.313221	-0.313221	-0.313221	0.616378	-0.313221	0.704378	0.702332	0.702332	0.610021	-0.387365	0.605461	0.534119	0.540016	-0.253274	-0.253849	-0.25369	-0.258785	-0.215971	-0.258244	-0.258244	-0.217578	-0.217578	-0.208684	-0.265073	-0.266298	-0.191009	0.0340977	-0.0397211	-0.00800035	0.0328086	0.0100252	-0.00575571	0.0100252	-0.0184672	0.0328086	0.0431506	-0.0284296	0.0328086	-0.00687346	-0.00800035	0.0328086	0.0328086	0.00345921
-0.0447815	-0.0467893	0.12313	-0.0467893	0.0881236	0.0984874	-0.0546972	0.0717877	0.00696726	-0.0467893	-0.0318797	0.00696726	-0.0318797	0.00696726	-0.0467893	-0.044336	0.089406	-0.044336	-0.0645854	0.841719	-0.0497154	0.0922099	0.123432	0.020367	-0.0416942	0.0922099	0.0922099	0.0922099	-0.0104898	0.113979	1	-0.0454126	0.000392739	-0.0590764	-0.0413025	0.11446	-0.0337095	-0.0436422	-0.043185	-0.00920406	-0.00920406	-0.0431389	-0.0424239	-0.0428858	-0.0428858	0.111594	-0.0415025	-0.0415025	-0.0415025	0.0828979	-0.0415025	0.111594	0.110405	0.110405	0.0826585	-0.0673262	0.0821796	0.131797	0.135253	-0.0904482	-0.0910555	-0.0916184	-0.0919826	-0.0368754	-0.0913792	-0.0913792	-0.0392256	-0.0392256	-0.0378303	-0.0898433	-0.0896423	-0.0552136	0.00958447	0.0600167	-0.0297605	-0.030459	-0.0423074	-0.0309425	-0.0423074	-0.0401225	-0.030459	0.0107794	0.0742719	-0.030459	-0.0303532	-0.0297605	-0.030459	-0.030459	-0.0423074
0.0557137	-0.0258109	0.308613	-0.0258109	0.258897	0.289803	-0.21649	0.182957	0.129499	-0.0258109	-0.0951176	0.129499	-0.0951176	0.129499	-0.0258109	0.238928	0.150247	0.238928	-0.274321	-0.04626	0.169524	0.153995	0.279968	-0.0762456	-0.145103	0.153995	0.153995	0.153995	-0.053752	0.223393	-0.0454126	1	-0.109983	0.0342955	0.0928898	0.252014	0.117261	0.0697661	0.0677826	0.32101	0.32101	0.0664334	0.0627422	0.064748	0.064748	0.256595	0.068624	0.068624	0.068624	0.181483	0.068624	0.256595	0.248457	0.248457	0.179147	-0.00541457	0.174455	0.173581	0.165469	0.00273498	-0.00530163	-0.00352895	-0.00354298	0.148469	0.0135665	0.0135665	0.14794	0.14794	0.141249	0.0244122	0.0226608	0.103375	0.00628877	-0.0869247	-0.0975651	0.105044	-0.0406192	-0.0983861	-0.0406192	0.0400708	0.105044	0.0699657	0.020998	0.105044	-0.0940044	-0.0975651	0.105044	0.105044	-0.0478134
-0.0688717	0.344996	-0.204486	0.344996	-0.0739027	-0.0485903	-0.12142	-0.113551	0.215741	0.344996	-0.081315	0.215741	-0.081315	0.215741	0.344996	0.0326912	-0.260128	0.0326912	-0.0361349	0.00605459	-0.121867	-0.300613	-0.141223	0.252351	-0.0894293	-0.300613	-0.300613	-0.300613	0.50243	-0.272914	0.000392739	-0.109983	1	0.385534	0.445647	-0.220446	0.461795	0.434115	0.435325	-0.0815762	-0.0815762	0.426411	0.430956	0.429718	0.429718	-0.229975	0.433442	0.433442	0.433442	-0.271502	0.433442	-0.229975	-0.227374	-0.227374	-0.273324	0.360808	-0.270467	-0.162143	-0.159925	0.241993	0.243029	0.242178	0.249646	-0.102231	0.255199	0.255199	-0.110129	-0.110129	-0.113713	0.254079	0.255961	-0.105533	-0.0468577	0.0455098	0.0313906	-0.0533454	-0.000644188	0.0265738	-0.000644188	0.0254332	-0.0533454	-0.0501514	0.0519956	-0.0533454	0.0289721	0.0313906	-0.0533454	-0.0533454	-0.000644188
0.256611	0.197937	-0.400197	0.197937	-0.23457	-0.299975	0.00796597	-0.344881	0.416396	0.197937	0.205029	0.416396	0.205029	0.416396	0.197937	0.358922	-0.320747	0.358922	-0.231369	-0.081008	-0.198198	-0.354019	-0.39534	0.216979	0.198972	-0.354019	-0.354019	-0.354019	0.236207	-0.454478	-0.0590764	0.0342955	0.385534	1	0.881355	-0.594858	0.854256	0.778752	0.776917	0.502595	0.502595	0.773291	0.76872	0.770558	0.770558	-0.565817	0.760437	0.760437	0.760437	-0.469279	0.760437	-0.565817	-0.566148	-0.566148	-0.473041	0.821667	-0.467973	-0.419526	-0.412989	0.603683	0.599616	0.597857	0.604434	0.435103	0.608565	0.608565	0.421286	0.421286	0.405281	0.612105	0.616367	0.380964	-0.08675	-0.0224077	-0.0850311	-0.0713008	-0.119035	-0.0944225	-0.119035	0.0995761	-0.0713008	-0.0122531	0.0330008	-0.0713008	-0.0748455	-0.0850311	-0.0713008	-0.0713008	-0.125783
0.316176	0.211266	-0.383668	0.211266	-0.217824	-0.282201	-0.168073	-0.313625	0.511669	0.211266	0.201962	0.511669	0.201962	0.511669	0.211266	0.409072	-0.437899	0.409072	-0.202089	-0.0603463	-0.185415	-0.467963	-0.344873	0.29184	-0.1456	-0.467963	-0.467963	-0.467963	0.271033	-0.414975	-0.0413025	0.0928898	0.445647	0.881355	1	-0.533952	0.955287	0.880822	0.878442	0.548248	0.548248	0.870037	0.864644	0.871867	0.871867	-0.498524	0.864737	0.864737	0.864737	-0.565651	0.864737	-0.498524	-0.502077	-0.502077	-0.569319	0.749341	-0.567931	-0.362696	-0.358663	0.552927	0.546027	0.544452	0.550993	0.322147	0.557974	0.557974	0.302176	0.302176	0.286745	0.564392	0.568263	0.260299	-0.0563582	-0.0434116	-0.0697942	-0.0589974	-0.0986627	-0.0783139	-0.0986627	0.0795622	-0.0589974	0.00617938	0.0374578	-0.0589974	-0.0663075	-0.0697942	-0.0589974	-0.0589974	-0.105694
-0.122531	-0.103606	0.666799	-0.103606	0.559605	0.601831	-0.0219467	0.623591	-0.269954	-0.103606	-0.127495	-0.269954	-0.127495	-0.269954	-0.103606	-0.192582	0.641662	-0.192582	-0.347841	0.143034	0.354251	0.613668	0.672375	-0.16942	-0.182162	0.613668	0.613668	0.613668	-0.156304	0.713711	0.11446	0.252014	-0.220446	-0.594858	-0.533952	1	-0.532046	-0.566519	-0.566934	-0.331323	-0.331323	-0.563769	-0.558301	-0.566937	-0.566937	0.966665	-0.563721	-0.563721	-0.563721	0.844296	-0.563721	0.966665	0.964696	0.964696	0.850664	-0.64513	0.847023	0.765779	0.759172	-0.422732	-0.422214	-0.422355	-0.428138	-0.327937	-0.416312	-0.416312	-0.32747	-0.32747	-0.309835	-0.419172	-0.424892	-0.32356	0.0833114	-0.0554663	-0.0299572	0.103829	0.0298485	-0.0202804	0.0298485	-0.0592619	0.103829	0.0861966	0.00627203	0.103829	-0.0360172	-0.0299572	0.103829	0.103829	0.0232548
0.294071	0.235977	-0.354073	0.235977	-0.177293	-0.242573	-0.200131	-0.294339	0.473431	0.235977	0.205316	0.473431	0.205316	0.473431	0.235977	0.409827	-0.427417	0.409827	-0.180163	-0.0515902	-0.162807	-0.46147	-0.339387	0.244816	-0.152126	-0.46147	-0.46147	-0.46147	0.290131	-0.405742	-0.0337095	0.117261	0.461795	0.854256	0.955287	-0.532046	1	0.917967	0.915339	0.577861	0.577861	0.906699	0.90087	0.908456	0.908456	-0.495253	0.900578	0.900578	0.900578	-0.562058	0.900578	-0.495253	-0.498366	-0.498366	-0.565611	0.783981	-0.563782	-0.370511	-0.367659	0.548057	0.541616	0.540141	0.546768	0.349893	0.557797	0.557797	0.330359	0.330359	0.314053	0.563673	0.567432	0.28284	-0.0617271	-0.0468136	-0.0676429	-0.0475246	-0.0910354	-0.0757946	-0.0910354	0.0863685	-0.0475246	0.000604542	0.00394402	-0.0475246	-0.0637893	-0.0676429	-0.0475246	-0.0475246	-0.0982318
0.349645	0.234825	-0.370712	0.234825	-0.201314	-0.259361	-0.0733983	-0.218635	0.415327	0.234825	0.182045	0.415327	0.182045	0.415327	0.234825	0.357469	-0.453717	0.357469	-0.195242	-0.0630485	-0.168671	-0.385055	-0.264994	0.218847	-0.160039	-0.385055	-0.385055	-0.385055	0.289308	-0.323361	-0.0436422	0.0697661	0.434115	0.778752	0.880822	-0.566519	0.917967	1	0.997635	0.555763	0.555763	0.99049	0.985749	0.988117	0.988117	-0.557733	0.981048	0.981048	0.981048	-0.635206	0.981048	-0.557733	-0.561441	-0.561441	-0.634697	0.853175	-0.633695	-0.426318	-0.422137	0.607018	0.599634	0.598121	0.604845	0.330843	0.59919	0.59919	0.310412	0.310412	0.295528	0.605813	0.609812	0.265926	-0.0547308	-0.0337	-0.0468505	-0.0625316	-0.0797145	-0.0556715	-0.0797145	0.0729627	-0.0625316	-0.0219755	-0.00777142	-0.0625316	-0.0435689	-0.0468505	-0.0625316	-0.0625316	-0.0866975
0.351964	0.235725	-0.37226	0.235725	-0.202217	-0.260457	-0.0715727	-0.218776	0.413074	0.235725	0.182648	0.413074	0.182648	0.413074	0.235725	0.358911	-0.454094	0.358911	-0.193185	-0.0625001	-0.166878	-0.385128	-0.265335	0.214747	-0.159067	-0.385128	-0.385128	-0.385128	0.290296	-0.323885	-0.043185	0.0677826	0.435325	0.776917	0.878442	-0.566934	0.915339	0.997635	1	0.557091	0.557091	0.992875	0.988128	0.990506	0.990506	-0.562537	0.983408	0.983408	0.983408	-0.639301	0.983408	-0.562537	-0.566218	-0.566218	-0.638792	0.85607	-0.637791	-0.42289	-0.418766	0.602165	0.59484	0.593329	0.600032	0.332605	0.594323	0.594323	0.312213	0.312213	0.297325	0.600904	0.604882	0.267599	-0.0505835	-0.0325043	-0.045414	-0.0618464	-0.0780681	-0.0542116	-0.0780681	0.0681904	-0.0618464	-0.0210633	-0.00641946	-0.0618464	-0.0421243	-0.045414	-0.0618464	-0.0618464	-0.0850478
0.387976	0.0877409	-0.182477	0.0877409	-0.149329	-0.140037	-0.122005	-0.13101	0.297833	0.0877409	-0.031309	0.297833	-0.031309	0.297833	0.0877409	0.587833	-0.221551	0.587833	-0.112076	-0.0327611	-0.0436473	-0.199166	-0.185571	-0.169177	-0.0923477	-0.199166	-0.199166	-0.199166	0.0994501	-0.160483	-0.00920406	0.32101	-0.0815762	0.502595	0.548248	-0.331323	0.577861	0.555763	0.557091	1	1	0.549802	0.541149	0.546806	0.546806	-0.340151	0.550903	0.550903	0.550903	-0.378127	0.550903	-0.340151	-0.344705	-0.344705	-0.373962	0.488498	-0.378354	-0.256516	-0.260091	0.323878	0.317439	0.316563	0.324175	0.701341	0.330699	0.330699	0.685222	0.685222	0.663485	0.336839	0.339069	0.620085	-0.0602147	-0.0296743	-0.0456299	-0.0225988	-0.0563496	-0.0504028	-0.0563496	0.0783519	-0.0225988	0.0141804	-0.0973876	-0.0225988	-0.0367578	-0.0456299	-0.0225988	-0.0225988	-0.0665562
0.387976	0.0877409	-0.182477	0.0877409	-0.149329	-0.140037	-0.122005	-0.13101	0.297833	0.0877409	-0.031309	0.297833	-0.031309	0.297833	0.0877409	0.587833	-0.221551	0.587833	-0.112076	-0.0327611	-0.0436473	-0.199166	-0.185571	-0.169177	-0.0923477	-0.199166	-0.199166	-0.199166	0.0994501	-0.160483	-0.00920406	0.32101	-0.0815762	0.502595	0.548248	-0.331323	0.577861	0.555763	0.557091	1	1	0.549802	0.541149	0.546806	0.546806	-0.340151	0.550903	0.550903	0.550903	-0.378127	0.550903	-0.340151	-0.344705	-0.344705	-0.373962	0.488498	-0.378354	-0.256516	-0.260091	0.323878	0.317439	0.316563	0.324175	0.701341	0.330699	0.330699	0.685222	0.685222	0.663485	0.336839	0.339069	0.620085	-0.0602147	-0.0296743	-0.0456299	-0.0225988	-0.0563496	-0.0504028	-0.0563496	0.0783519	-0.0225988	0.0141804	-0.0973876	-0.0225988	-0.0367578	-0.0456299	-0.0225988	-0.0225988	-0.0665562
0.347492	0.238899	-0.367968	0.238899	-0.195961	-0.254922	-0.0642322	-0.212243	0.400301	0.238899	0.185012	0.400301	0.185012	0.400301	0.238899	0.350656	-0.445313	0.350656	-0.192967	-0.0625477	-0.160177	-0.375759	-0.259362	0.206686	-0.149481	-0.375759	-0.375759	-0.375759	0.294083	-0.318532	-0.0431389	0.0664334	0.426411	0.773291	0.870037	-0.563769	0.906699	0.99049	0.992875	0.549802	0.549802	1	0.995183	0.997591	0.997591	-0.563854	0.990402	0.990402	0.990402	-0.645201	0.990402	-0.563854	-0.567541	-0.567541	-0.644679	0.857945	-0.643651	-0.432923	-0.419391	0.603059	0.595723	0.594198	0.600945	0.326281	0.595128	0.595128	0.305943	0.305943	0.290719	0.601729	0.605724	0.265741	-0.0556228	-0.0232903	-0.0444016	-0.0617498	-0.0771578	-0.0532601	-0.0771578	0.0683818	-0.0617498	-0.0317929	-0.00511746	-0.0617498	-0.041072	-0.0444016	-0.0617498	-0.0617498	-0.0842014
0.343658	0.241887	-0.363438	0.241887	-0.189608	-0.249213	-0.0608557	-0.20476	0.392864	0.241887	0.187136	0.392864	0.187136	0.392864	0.241887	0.342088	-0.43921	0.342088	-0.195573	-0.061743	-0.157335	-0.368955	-0.252423	0.205412	-0.148252	-0.368955	-0.368955	-0.368955	0.297518	-0.312126	-0.0424239	0.0627422	0.430956	0.76872	0.864644	-0.558301	0.90087	0.985749	0.988128	0.541149	0.541149	0.995183	1	0.992707	0.992707	-0.558398	0.985443	0.985443	0.985443	-0.639071	0.985443	-0.558398	-0.562043	-0.562043	-0.638512	0.854036	-0.637411	-0.428089	-0.414614	0.600585	0.593304	0.591782	0.598536	0.320107	0.592611	0.592611	0.299962	0.299962	0.284466	0.599164	0.603146	0.258145	-0.0518759	-0.0209911	-0.0417104	-0.0606641	-0.0742014	-0.0505646	-0.0742014	0.0634175	-0.0606641	-0.0300908	-0.0098745	-0.0606641	-0.0383479	-0.0417104	-0.0606641	-0.0606641	-0.0812729
0.346417	0.240973	-0.366594	0.240973	-0.193259	-0.252684	-0.0626989	-0.209015	0.395129	0.240973	0.186523	0.395129	0.186523	0.395129	0.240973	0.340611	-0.44334	0.340611	-0.191823	-0.0622968	-0.159143	-0.373266	-0.256519	0.209557	-0.149228	-0.373266	-0.373266	-0.373266	0.296514	-0.316099	-0.0428858	0.064748	0.429718	0.770558	0.871867	-0.566937	0.908456	0.988117	0.990506	0.546806	0.546806	0.997591	0.992707	1	1	-0.562492	0.992753	0.992753	0.992753	-0.643698	0.992753	-0.562492	-0.566166	-0.566166	-0.647561	0.855741	-0.646511	-0.431555	-0.418018	0.60108	0.593768	0.592237	0.598995	0.31831	0.593095	0.593095	0.298125	0.298125	0.282633	0.599686	0.60368	0.256439	-0.0560771	-0.0221966	-0.043163	-0.0613564	-0.075866	-0.0520409	-0.075866	0.0682487	-0.0613564	-0.0310185	-0.00377329	-0.0613564	-0.0398089	-0.043163	-0.0613564	-0.0613564	-0.0829406
0.346417	0.240973	-0.366594	0.240973	-0.193259	-0.252684	-0.0626989	-0.209015	0.395129	0.240973	0.186523	0.395129	0.186523	0.395129	0.240973	0.340611	-0.44334	0.340611	-0.191823	-0.0622968	-0.159143	-0.373266	-0.256519	0.209557	-0.149228	-0.373266	-0.373266	-0.373266	0.296514	-0.316099	-0.0428858	0.064748	0.429718	0.770558	0.871867	-0.566937	0.908456	0.988117	0.990506	0.546806	0.546806	0.997591	0.992707	1	1	-0.562492	0.992753	0.992753	0.992753	-0.643698	0.992753	-0.562492	-0.566166	-0.566166	-0.647561	0.855741	-0.646511	-0.431555	-0.418018	0.60108	0.593768	0.592237	0.598995	0.31831	0.593095	0.593095	0.298125	0.298125	0.282633	0.599686	0.60368	0.256439	-0.0560771	-0.0221966	-0.043163	-0.0613564	-0.075866	-0.0520409	-0.075866	0.0682487	-0.0613564	-0.0310185	-0.00377329	-0.0613564	-0.0398089	-0.043163	-0.0613564	-0.0613564	-0.0829406
-0.0880019	-0.115932	0.652943	-0.115932	0.557303	0.582959	-0.0226786	0.605588	-0.263806	-0.115932	-0.0748708	-0.263806	-0.0748708	-0.263806	-0.115932	-0.178237	0.624419	-0.178237	-0.351448	0.139553	0.338009	0.603938	0.66276	-0.180374	-0.183559	0.603938	0.603938	0.603938	-0.167179	0.704378	0.111594	0.256595	-0.229975	-0.565817	-0.498524	0.966665	-0.495253	-0.557733	-0.562537	-0.340151	-0.340151	-0.563854	-0.558398	-0.562492	-0.562492	1	-0.572646	-0.572646	-0.572646	0.871871	-0.572646	1	0.993829	0.993829	0.870089	-0.663361	0.866535	0.780369	0.77853	-0.437654	-0.441148	-0.441362	-0.443116	-0.342024	-0.431449	-0.431449	-0.341477	-0.341477	-0.329384	-0.438255	-0.439835	-0.332456	0.0791412	-0.0592807	-0.0204654	0.100258	0.0365555	-0.011079	0.0365555	-0.0529945	0.100258	0.103098	-0.0126144	0.100258	-0.0265539	-0.0204654	0.100258	0.100258	0.0300328
